id, x, y
1,-0.05570814833540432,1.3040487924469732,
3,0.6642009942350966,-1.7204241450358055,
8,-0.5198425280309072,0.9165859686915898,
12,0.002544256953856329,1.501380223165287,
21,-0.30951571234944036,2.57645831217659,
39,0.4291575671301661,0.31802424568906157,

current id, accessible id, distance
start,1,[1.31022295],
start,12,[1.5013564],
start,21,[2.59564428],
1,39,[1.18582146],
1,12,[1.5013564],
1,21,[2.59564428],
39,12,[1.5013564],
39,21,[2.59564428],
12,8,[1.61875305],
12,21,[2.59564428],
8,3,[3.28079448],
